Timestamp,Open,High,Low,Close,Volume
2026-03-12 20:09:08+01:00,11.36,11.5,11.32,11.33,238
2026-03-12 20:09:08+01:00,11.32,11.37,11.31,11.34,26
2026-03-12 20:09:08+01:00,11.32,11.4,11.1,11.4,66
2026-03-12 20:09:08+01:00,11.4,11.4,11.26,11.34,82
2026-03-12 20:09:08+01:00,11.34,11.37,11.33,11.33,14
2026-03-12 20:09:08+01:00,11.38,11.4,11.34,11.38,34
2026-03-12 20:09:08+01:00,11.3,11.38,11.3,11.38,5
2026-03-12 20:09:08+01:00,11.34,11.34,11.15,11.23,56
2026-03-12 20:09:08+01:00,11.25,11.35,11.24,11.35,73
2026-03-12 20:09:08+01:00,11.35,11.35,11.26,11.35,9
2026-03-12 20:09:08+01:00,11.27,11.34,11.26,11.33,7
2026-03-12 20:09:08+01:00,11.26,11.29,11.17,11.26,8
2026-03-12 20:09:08+01:00,11.24,11.25,11.2,11.25,7
2026-03-12 20:09:08+01:00,11.27,11.3,11.24,11.24,20
2026-03-12 20:09:08+01:00,11.23,11.25,11.22,11.24,8
2026-03-12 20:09:08+01:00,11.21,11.24,11.21,11.24,3
2026-03-12 20:09:08+01:00,11.21,11.23,11.18,11.2,32
2026-03-12 20:09:08+01:00,11.15,11.17,11.12,11.15,62
2026-03-12 20:09:08+01:00,11.14,11.17,11.13,11.17,31
2026-03-12 20:09:08+01:00,11.15,11.16,11.11,11.16,31
2026-03-12 20:09:08+01:00,11.16,11.2,11.14,11.19,18
2026-03-12 20:09:08+01:00,11.19,11.27,11.19,11.2,15
2026-03-12 20:09:08+01:00,11.2,11.26,11.19,11.2,145
2026-03-12 20:09:08+01:00,11.21,11.25,11.2,11.24,11
2026-03-12 20:09:08+01:00,11.2,11.23,11.19,11.22,12
2026-03-12 20:09:08+01:00,11.19,11.24,11.19,11.2,112
2026-03-12 20:09:08+01:00,11.2,11.27,11.2,11.27,29
2026-03-12 20:09:08+01:00,11.27,11.27,11.23,11.24,5
2026-03-12 20:09:08+01:00,11.23,11.26,11.21,11.21,191
2026-03-12 20:09:08+01:00,11.22,11.27,11.22,11.27,15
2026-03-12 20:09:08+01:00,11.27,11.32,11.27,11.27,244
2026-03-12 20:09:08+01:00,11.3,11.3,11.22,11.23,40
2026-03-12 20:09:08+01:00,11.24,11.29,11.24,11.25,192
2026-03-12 20:09:08+01:00,11.29,11.29,11.25,11.27,15
2026-03-12 20:09:08+01:00,11.27,11.3,11.24,11.3,75
2026-03-12 20:09:08+01:00,11.3,11.36,11.3,11.36,18
2026-03-12 20:09:08+01:00,11.34,11.4,11.34,11.37,31
2026-03-12 20:09:08+01:00,11.37,11.43,11.36,11.43,120
2026-03-12 20:09:08+01:00,11.41,11.41,11.38,11.39,204
2026-03-12 20:09:08+01:00,11.4,11.4,11.32,11.35,216
2026-03-12 20:09:08+01:00,11.36,11.37,11.33,11.33,100
2026-03-12 20:09:08+01:00,11.35,11.41,11.34,11.37,80
2026-03-12 20:09:08+01:00,11.36,11.41,11.36,11.38,35
2026-03-12 20:09:08+01:00,11.37,11.39,11.35,11.38,64
2026-03-12 20:09:08+01:00,11.35,11.4,11.35,11.38,38
2026-03-12 20:09:08+01:00,11.37,11.4,11.37,11.39,13
2026-03-12 20:09:08+01:00,11.4,11.41,11.37,11.41,13
2026-03-12 20:09:08+01:00,11.39,11.43,11.39,11.43,6
2026-03-12 20:09:08+01:00,11.41,11.43,11.41,11.42,19
2026-03-12 20:09:08+01:00,11.4,11.41,11.37,11.37,13
2026-03-12 20:09:08+01:00,11.4,11.4,11.39,11.39,4
2026-03-12 20:09:08+01:00,11.39,11.42,11.39,11.4,30
2026-03-12 20:09:08+01:00,11.39,11.41,11.37,11.41,44
2026-03-12 20:09:08+01:00,11.4,11.42,11.38,11.39,102
2026-03-12 20:09:08+01:00,11.4,11.45,11.39,11.44,48
2026-03-12 20:09:08+01:00,11.42,11.42,11.4,11.4,8
2026-03-12 20:09:08+01:00,11.4,11.44,11.4,11.42,18
2026-03-12 20:09:08+01:00,11.42,11.42,11.4,11.41,37
2026-03-12 20:09:08+01:00,11.4,11.41,11.36,11.38,11
2026-03-12 20:09:08+01:00,11.38,11.39,11.36,11.39,24
2026-03-12 20:09:08+01:00,11.39,11.44,11.39,11.43,168
2026-03-12 20:09:08+01:00,11.43,11.49,11.43,11.47,19
2026-03-12 20:09:08+01:00,11.47,11.48,11.45,11.47,11
2026-03-12 20:09:08+01:00,11.47,11.47,11.43,11.45,29
2026-03-12 20:09:08+01:00,11.42,11.46,11.41,11.44,27
2026-03-12 20:09:08+01:00,11.45,11.46,11.38,11.38,252
2026-03-12 20:09:08+01:00,11.36,11.36,11.34,11.35,88
2026-03-12 20:09:08+01:00,11.34,11.37,11.34,11.36,25
2026-03-12 20:09:08+01:00,11.34,11.39,11.34,11.35,26
2026-03-12 20:09:08+01:00,11.36,11.36,11.32,11.32,3
2026-03-12 20:09:08+01:00,11.35,11.38,11.33,11.34,62
2026-03-12 20:09:08+01:00,11.34,11.34,11.32,11.33,5
2026-03-12 20:09:08+01:00,11.31,11.32,11.27,11.28,79
2026-03-12 20:09:08+01:00,11.28,11.28,11.28,11.28,1
2026-03-12 20:09:08+01:00,11.34,11.34,11.31,11.34,20
2026-03-12 20:09:08+01:00,11.29,11.3,11.29,11.29,4
2026-03-12 20:09:08+01:00,11.29,11.3,11.28,11.28,23
2026-03-12 20:09:08+01:00,11.29,11.32,11.29,11.3,167
2026-03-12 20:09:08+01:00,11.31,11.31,11.28,11.28,31
2026-03-12 20:09:08+01:00,11.3,11.31,11.28,11.28,9
2026-03-12 20:09:08+01:00,11.29,11.3,11.27,11.27,18
2026-03-12 20:09:08+01:00,11.27,11.27,11.26,11.27,2
2026-03-12 20:09:08+01:00,11.27,11.27,11.26,11.26,21
2026-03-12 20:09:08+01:00,11.26,11.26,11.24,11.26,21
2026-03-12 20:09:08+01:00,11.26,11.26,11.24,11.25,8
2026-03-12 20:09:08+01:00,11.27,11.34,11.27,11.34,120
2026-03-12 20:09:08+01:00,11.35,11.38,11.34,11.38,76
2026-03-12 20:09:08+01:00,11.38,11.39,11.37,11.38,3
2026-03-12 20:09:08+01:00,11.38,11.4,11.38,11.39,53
2026-03-12 20:09:08+01:00,11.39,11.4,11.37,11.38,24
2026-03-12 20:09:08+01:00,11.38,11.41,11.38,11.41,7
2026-03-12 20:09:08+01:00,11.39,11.4,11.39,11.4,19
2026-03-12 20:09:08+01:00,11.4,11.4,11.38,11.38,10
2026-03-12 20:09:08+01:00,11.37,11.4,11.37,11.4,8
2026-03-12 20:09:08+01:00,11.41,11.44,11.41,11.42,32
2026-03-12 20:09:08+01:00,11.41,11.41,11.39,11.39,17
2026-03-12 20:09:08+01:00,11.41,11.41,11.36,11.36,40
2026-03-12 20:09:08+01:00,11.37,11.37,11.33,11.33,254
2026-03-12 20:09:08+01:00,11.33,11.33,11.31,11.32,28
2026-03-12 20:09:08+01:00,11.32,11.37,11.31,11.34,247
2026-03-12 20:09:08+01:00,11.34,11.35,11.34,11.35,12
2026-03-12 20:09:08+01:00,11.34,11.34,11.31,11.31,22
2026-03-12 20:09:08+01:00,11.31,11.31,11.27,11.29,29
2026-03-12 20:09:08+01:00,11.29,11.29,11.28,11.28,15
2026-03-12 20:09:08+01:00,11.27,11.27,11.26,11.26,7
2026-03-12 20:09:08+01:00,11.27,11.27,11.24,11.25,22
2026-03-12 20:09:08+01:00,11.25,11.27,11.24,11.24,28
2026-03-12 20:09:08+01:00,11.25,11.25,11.23,11.23,52
2026-03-12 20:09:08+01:00,11.22,11.22,11.21,11.21,6
2026-03-12 20:09:08+01:00,11.21,11.23,11.21,11.22,55
2026-03-12 20:09:08+01:00,11.22,11.23,11.2,11.23,25
2026-03-12 20:09:08+01:00,11.23,11.23,11.22,11.22,13
2026-03-12 20:09:08+01:00,11.21,11.21,11.21,11.21,11
2026-03-12 20:09:08+01:00,11.2,11.2,11.19,11.2,15
2026-03-12 20:09:08+01:00,11.21,11.24,11.2,11.24,23
2026-03-12 20:09:08+01:00,11.23,11.23,11.23,11.23,1
2026-03-12 20:09:08+01:00,11.24,11.24,11.22,11.22,4
2026-03-12 20:09:08+01:00,11.23,11.23,11.21,11.21,48
2026-03-12 20:09:08+01:00,11.21,11.22,11.21,11.21,36
2026-03-12 20:09:08+01:00,11.22,11.24,11.21,11.21,41
2026-03-12 20:09:08+01:00,11.21,11.22,11.21,11.21,2
2026-03-12 20:09:08+01:00,11.21,11.23,11.21,11.23,10
2026-03-12 20:09:08+01:00,11.2,11.21,11.2,11.21,11
2026-03-12 20:09:08+01:00,11.21,11.22,11.21,11.21,23
2026-03-12 20:09:08+01:00,11.21,11.27,11.21,11.27,161
2026-03-12 20:09:08+01:00,11.26,11.29,11.26,11.29,24
2026-03-12 20:09:08+01:00,11.28,11.28,11.26,11.27,7
2026-03-12 20:09:08+01:00,11.29,11.29,11.28,11.29,4
2026-03-12 20:09:08+01:00,11.28,11.33,11.28,11.33,114
2026-03-12 20:09:08+01:00,11.31,11.31,11.29,11.29,2
2026-03-12 20:09:08+01:00,11.29,11.32,11.29,11.32,80
2026-03-12 20:09:08+01:00,11.33,11.36,11.33,11.33,28
2026-03-12 20:09:08+01:00,11.33,11.33,11.31,11.31,6
2026-03-12 20:09:08+01:00,11.31,11.36,11.3,11.36,58
2026-03-12 20:09:08+01:00,11.35,11.37,11.35,11.37,8
2026-03-12 20:09:08+01:00,11.39,11.39,11.39,11.39,4
2026-03-12 20:09:08+01:00,11.39,11.39,11.39,11.39,0
2026-03-12 20:09:08+01:00,11.34,11.34,11.32,11.32,9
2026-03-12 20:09:08+01:00,11.41,11.42,11.4,11.41,44
2026-03-12 20:09:08+01:00,11.42,11.42,11.41,11.42,2
2026-03-12 20:09:08+01:00,11.41,11.42,11.41,11.42,6
2026-03-12 20:09:08+01:00,11.43,11.48,11.43,11.46,27
2026-03-12 20:09:08+01:00,11.45,11.46,11.45,11.46,3
2026-03-12 20:09:08+01:00,11.45,11.45,11.44,11.44,4
2026-03-12 20:09:08+01:00,11.44,11.45,11.43,11.44,9
2026-03-12 20:09:08+01:00,11.44,11.45,11.43,11.45,13
2026-03-12 20:09:08+01:00,11.45,11.45,11.44,11.44,13
2026-03-12 20:09:08+01:00,11.44,11.45,11.41,11.44,59
2026-03-12 20:09:08+01:00,11.45,11.46,11.45,11.46,2
2026-03-12 20:09:08+01:00,11.47,11.48,11.47,11.48,12
2026-03-12 20:09:08+01:00,11.47,11.47,11.46,11.47,26
2026-03-12 20:09:08+01:00,11.48,11.53,11.47,11.5,85
2026-03-12 20:09:08+01:00,11.51,11.6,11.5,11.6,108
2026-03-12 20:09:08+01:00,11.57,11.65,11.57,11.65,25
2026-03-12 20:09:08+01:00,11.65,11.65,11.58,11.63,103
2026-03-12 20:09:08+01:00,11.63,11.63,11.59,11.62,37
2026-03-12 20:09:08+01:00,11.6,11.6,11.54,11.54,28
2026-03-12 20:09:08+01:00,11.53,11.53,11.51,11.51,4
2026-03-12 20:09:08+01:00,11.5,11.53,11.5,11.52,25
2026-03-12 20:09:08+01:00,11.5,11.53,11.49,11.51,166
2026-03-12 20:09:08+01:00,11.51,11.51,11.49,11.49,17
2026-03-12 20:09:08+01:00,11.48,11.48,11.48,11.48,1
2026-03-12 20:09:08+01:00,11.47,11.47,11.44,11.47,24
2026-03-12 20:09:08+01:00,11.46,11.47,11.46,11.47,2
2026-03-12 20:09:08+01:00,11.45,11.45,11.45,11.45,1
2026-03-12 20:09:08+01:00,11.46,11.48,11.46,11.48,17
2026-03-12 20:09:08+01:00,11.48,11.48,11.48,11.48,6
2026-03-12 20:09:08+01:00,11.48,11.48,11.47,11.47,14
2026-03-12 20:09:08+01:00,11.46,11.5,11.46,11.5,38
2026-03-12 20:09:08+01:00,11.51,11.52,11.5,11.51,39
2026-03-12 20:09:08+01:00,11.51,11.51,11.47,11.47,21
2026-03-12 20:09:08+01:00,11.47,11.47,11.46,11.46,3
2026-03-12 20:09:08+01:00,11.46,11.47,11.41,11.41,18
2026-03-12 20:09:08+01:00,11.4,11.4,11.4,11.4,2
2026-03-12 20:09:08+01:00,11.4,11.42,11.4,11.4,4
2026-03-12 20:09:08+01:00,11.38,11.38,11.35,11.35,13
2026-03-12 20:09:08+01:00,11.35,11.35,11.32,11.32,4
2026-03-12 20:09:08+01:00,11.33,11.33,11.33,11.33,25
2026-03-12 20:09:08+01:00,11.33,11.4,11.31,11.34,536
2026-03-12 20:09:08+01:00,11.35,11.35,11.31,11.31,27
2026-03-12 20:09:08+01:00,11.3,11.32,11.3,11.3,18
2026-03-12 20:09:08+01:00,11.31,11.32,11.3,11.32,75
2026-03-12 20:09:08+01:00,11.32,11.32,11.31,11.31,7
2026-03-12 20:09:08+01:00,11.31,11.31,11.31,11.31,0
2026-03-12 20:09:08+01:00,11.31,11.33,11.31,11.33,11
2026-03-12 20:09:08+01:00,11.33,11.33,11.3,11.3,26
2026-03-12 20:09:08+01:00,11.3,11.3,11.29,11.29,6
2026-03-12 20:09:08+01:00,11.29,11.3,11.29,11.29,6
2026-03-12 20:09:08+01:00,11.28,11.3,11.28,11.3,10
2026-03-12 20:09:08+01:00,11.3,11.3,11.29,11.29,8
2026-03-12 20:09:08+01:00,11.29,11.29,11.25,11.25,78
2026-03-12 20:09:08+01:00,11.25,11.27,11.24,11.25,14
2026-03-12 20:09:08+01:00,11.24,11.26,11.24,11.24,24
2026-03-12 20:09:08+01:00,11.24,11.25,11.23,11.24,152
2026-03-12 20:09:08+01:00,11.23,11.23,11.23,11.23,10
2026-03-12 20:09:08+01:00,11.22,11.23,11.22,11.23,9
2026-03-12 20:09:08+01:00,11.22,11.23,11.21,11.21,18
2026-03-12 20:09:08+01:00,11.23,11.23,11.22,11.23,10
2026-03-12 20:09:08+01:00,11.25,11.28,11.25,11.28,119
2026-03-12 20:09:08+01:00,11.3,11.32,11.3,11.31,42
2026-03-12 20:09:08+01:00,11.32,11.32,11.32,11.32,2
2026-03-12 20:09:08+01:00,11.32,11.32,11.32,11.32,7
2026-03-12 20:09:08+01:00,11.31,11.31,11.29,11.29,20
2026-03-12 20:09:08+01:00,11.29,11.29,11.29,11.29,3
2026-03-12 20:09:08+01:00,11.3,11.3,11.3,11.3,2
2026-03-12 20:09:08+01:00,11.29,11.29,11.28,11.28,2
2026-03-12 20:09:08+01:00,11.29,11.32,11.29,11.29,34
2026-03-12 20:09:08+01:00,11.32,11.32,11.3,11.31,25
2026-03-12 20:09:08+01:00,11.3,11.3,11.28,11.28,8
2026-03-12 20:09:08+01:00,11.28,11.28,11.28,11.28,0
2026-03-12 20:09:08+01:00,11.28,11.28,11.27,11.27,3
2026-03-12 20:09:08+01:00,11.27,11.27,11.27,11.27,49
2026-03-12 20:09:08+01:00,11.27,11.27,11.27,11.27,50
2026-03-12 20:09:08+01:00,11.26,11.26,11.24,11.24,48
2026-03-12 20:09:08+01:00,11.24,11.24,11.23,11.23,3
2026-03-12 20:09:08+01:00,11.24,11.24,11.21,11.22,29
2026-03-12 20:09:08+01:00,11.23,11.24,11.22,11.22,93
2026-03-12 20:09:08+01:00,11.23,11.23,11.23,11.23,53
2026-03-12 20:09:08+01:00,11.22,11.22,11.22,11.22,1
2026-03-12 20:09:08+01:00,11.22,11.22,11.21,11.21,8
2026-03-12 20:09:08+01:00,11.21,11.22,11.18,11.18,271
2026-03-12 20:09:08+01:00,11.19,11.19,11.17,11.18,42
2026-03-12 20:09:08+01:00,11.19,11.2,11.18,11.18,68
2026-03-12 20:09:08+01:00,11.19,11.21,11.18,11.21,128
2026-03-12 20:09:08+01:00,11.22,11.22,11.21,11.22,4
2026-03-12 20:09:08+01:00,11.22,11.22,11.21,11.21,6
2026-03-12 20:09:08+01:00,11.21,11.22,11.21,11.21,7
2026-03-12 20:09:08+01:00,11.2,11.21,11.18,11.21,19
2026-03-12 20:09:08+01:00,11.22,11.22,11.22,11.22,3
2026-03-12 20:09:08+01:00,11.22,11.23,11.21,11.21,24
2026-03-12 20:09:08+01:00,11.21,11.21,11.21,11.21,2
2026-03-12 20:09:08+01:00,11.2,11.2,11.19,11.2,10
2026-03-12 20:09:08+01:00,11.21,11.21,11.2,11.21,37
2026-03-12 20:09:08+01:00,11.21,11.23,11.21,11.23,124
2026-03-12 20:09:08+01:00,11.23,11.3,11.23,11.29,39
2026-03-12 20:09:08+01:00,11.29,11.34,11.29,11.34,36
2026-03-12 20:09:08+01:00,11.33,11.33,11.31,11.31,40
2026-03-12 20:09:08+01:00,11.3,11.31,11.27,11.27,28
2026-03-12 20:09:08+01:00,11.26,11.27,11.26,11.26,40
2026-03-12 20:09:08+01:00,11.27,11.27,11.24,11.25,17
2026-03-12 20:09:08+01:00,11.27,11.29,11.27,11.28,15
2026-03-12 20:09:08+01:00,11.3,11.31,11.3,11.31,56
2026-03-12 20:09:08+01:00,11.3,11.3,11.3,11.3,12
2026-03-12 20:09:08+01:00,11.3,11.3,11.28,11.29,26
2026-03-12 20:09:08+01:00,11.29,11.3,11.29,11.3,82
2026-03-12 20:09:08+01:00,11.29,11.29,11.28,11.28,28
2026-03-12 20:09:08+01:00,11.28,11.29,11.27,11.28,205
2026-03-12 20:09:08+01:00,11.26,11.26,11.25,11.26,56
2026-03-12 20:09:08+01:00,11.26,11.33,11.26,11.32,200
2026-03-12 20:09:08+01:00,11.33,11.33,11.32,11.33,10
2026-03-12 20:09:08+01:00,11.33,11.33,11.32,11.32,11
2026-03-12 20:09:08+01:00,11.31,11.31,11.31,11.31,20
2026-03-12 20:09:08+01:00,11.3,11.32,11.3,11.32,74
2026-03-12 20:09:08+01:00,11.32,11.33,11.31,11.32,8
2026-03-12 20:09:08+01:00,11.33,11.33,11.32,11.32,8
2026-03-12 20:09:08+01:00,11.33,11.35,11.33,11.35,21
2026-03-12 20:09:08+01:00,11.35,11.35,11.32,11.32,21
2026-03-12 20:09:08+01:00,11.32,11.33,11.31,11.31,9
2026-03-12 20:09:08+01:00,11.31,11.32,11.31,11.32,4
2026-03-12 20:09:08+01:00,11.32,11.33,11.31,11.32,205
2026-03-12 20:09:08+01:00,11.32,11.32,11.29,11.29,30
2026-03-12 20:09:08+01:00,11.28,11.28,11.25,11.26,23
2026-03-12 20:09:08+01:00,11.26,11.27,11.26,11.27,13
2026-03-12 20:09:08+01:00,11.28,11.31,11.28,11.31,33
2026-03-12 20:09:08+01:00,11.3,11.3,11.29,11.29,16
2026-03-12 20:09:08+01:00,11.28,11.28,11.26,11.26,35
2026-03-12 20:09:08+01:00,11.27,11.27,11.27,11.27,4
2026-03-12 20:09:08+01:00,11.27,11.28,11.26,11.26,91
2026-03-12 20:09:08+01:00,11.26,11.26,11.25,11.26,38
2026-03-12 20:09:08+01:00,11.26,11.26,11.24,11.24,15
2026-03-12 20:09:08+01:00,11.25,11.26,11.25,11.26,4
2026-03-12 20:09:08+01:00,11.26,11.26,11.24,11.26,28
2026-03-12 20:09:08+01:00,11.26,11.26,11.25,11.26,7
2026-03-12 20:09:08+01:00,11.26,11.26,11.25,11.26,7
2026-03-12 20:09:08+01:00,11.26,11.26,11.25,11.26,5
2026-03-12 20:09:08+01:00,11.27,11.3,11.27,11.3,20
2026-03-12 20:09:08+01:00,11.3,11.3,11.29,11.29,34
2026-03-12 20:09:08+01:00,11.3,11.31,11.3,11.31,6
2026-03-12 20:09:08+01:00,11.31,11.32,11.3,11.31,17
2026-03-12 20:09:08+01:00,11.31,11.33,11.31,11.32,134
2026-03-12 20:09:08+01:00,11.32,11.42,11.31,11.39,619
2026-03-12 20:09:08+01:00,11.4,11.45,11.39,11.44,236
2026-03-12 20:09:08+01:00,11.45,11.45,11.43,11.44,15
2026-03-12 20:09:08+01:00,11.44,11.51,11.44,11.5,109
2026-03-12 20:09:08+01:00,11.5,11.51,11.49,11.5,47
2026-03-12 20:09:08+01:00,11.49,11.49,11.47,11.47,20
2026-03-12 20:09:08+01:00,11.47,11.5,11.47,11.49,20
2026-03-12 20:09:08+01:00,11.48,11.5,11.48,11.48,24
2026-03-12 20:09:08+01:00,11.47,11.47,11.45,11.45,27
2026-03-12 20:09:08+01:00,11.46,11.49,11.46,11.48,24
2026-03-12 20:09:08+01:00,11.47,11.47,11.46,11.47,22
2026-03-12 20:09:08+01:00,11.46,11.47,11.45,11.46,23
2026-03-12 20:09:08+01:00,11.46,11.46,11.44,11.45,29
2026-03-12 20:09:08+01:00,11.45,11.45,11.43,11.44,66
2026-03-12 20:09:08+01:00,11.43,11.43,11.42,11.43,23
2026-03-12 20:09:08+01:00,11.43,11.45,11.42,11.45,22
2026-03-12 20:09:08+01:00,11.44,11.44,11.43,11.43,23
2026-03-12 20:09:08+01:00,11.45,11.45,11.45,11.45,10
2026-03-12 20:09:08+01:00,11.45,11.45,11.43,11.44,130
2026-03-12 20:09:08+01:00,11.43,11.43,11.4,11.42,191
2026-03-12 20:09:08+01:00,11.42,11.44,11.41,11.43,109
2026-03-12 20:09:08+01:00,11.43,11.43,11.41,11.42,149
2026-03-12 20:09:08+01:00,11.42,11.42,11.39,11.41,45
2026-03-12 20:09:08+01:00,11.41,11.41,11.4,11.4,2
2026-03-12 20:09:08+01:00,11.4,11.42,11.39,11.39,35
2026-03-12 20:09:08+01:00,11.4,11.4,11.4,11.4,1
2026-03-12 20:09:08+01:00,11.4,11.42,11.4,11.42,23
2026-03-12 20:09:08+01:00,11.42,11.42,11.42,11.42,1
2026-03-12 20:09:08+01:00,11.41,11.41,11.4,11.41,159
2026-03-12 20:09:08+01:00,11.4,11.42,11.4,11.4,50
2026-03-12 20:09:08+01:00,11.4,11.41,11.39,11.4,259
2026-03-12 20:09:08+01:00,11.4,11.42,11.39,11.39,114
2026-03-12 20:09:08+01:00,11.4,11.4,11.39,11.4,5
2026-03-12 20:09:08+01:00,11.4,11.4,11.37,11.37,26
2026-03-12 20:09:08+01:00,11.37,11.37,11.34,11.35,14
2026-03-12 20:09:08+01:00,11.35,11.35,11.35,11.35,10
2026-03-12 20:09:08+01:00,11.34,11.34,11.34,11.34,9
2026-03-12 20:09:08+01:00,11.34,11.34,11.34,11.34,7
2026-03-12 20:09:08+01:00,11.34,11.34,11.34,11.34,0
2026-03-12 20:09:08+01:00,11.35,11.35,11.33,11.33,26
2026-03-12 20:09:08+01:00,11.35,11.35,11.33,11.34,16
2026-03-12 20:09:08+01:00,11.32,11.33,11.32,11.33,9
2026-03-12 20:09:08+01:00,11.32,11.34,11.32,11.34,20
2026-03-12 20:09:08+01:00,11.34,11.37,11.34,11.35,33
2026-03-12 20:09:08+01:00,11.36,11.38,11.36,11.37,16
2026-03-12 20:09:08+01:00,11.37,11.38,11.37,11.38,5
2026-03-12 20:09:08+01:00,11.38,11.39,11.38,11.38,23
2026-03-12 20:09:08+01:00,11.38,11.39,11.38,11.38,15
2026-03-12 20:09:08+01:00,11.39,11.4,11.38,11.38,37
2026-03-12 20:09:08+01:00,11.38,11.39,11.38,11.38,7
2026-03-12 20:09:08+01:00,11.38,11.39,11.38,11.38,34
2026-03-12 20:09:08+01:00,11.38,11.41,11.38,11.41,24
2026-03-12 20:09:08+01:00,11.43,11.43,11.41,11.42,62
2026-03-12 20:09:08+01:00,11.42,11.42,11.41,11.42,30
2026-03-12 20:09:08+01:00,11.42,11.42,11.42,11.42,21
2026-03-12 20:09:08+01:00,11.42,11.43,11.42,11.42,25
2026-03-12 20:09:08+01:00,11.42,11.43,11.41,11.42,18
2026-03-12 20:09:08+01:00,11.41,11.41,11.41,11.41,1
2026-03-12 20:09:08+01:00,11.41,11.42,11.41,11.42,52
2026-03-12 20:09:08+01:00,11.42,11.42,11.41,11.41,9
2026-03-12 20:09:08+01:00,11.41,11.41,11.37,11.38,112
2026-03-12 20:09:08+01:00,11.38,11.38,11.36,11.38,30
2026-03-12 20:09:08+01:00,11.37,11.37,11.36,11.37,19
2026-03-12 20:09:08+01:00,11.37,11.37,11.35,11.36,13
2026-03-12 20:09:08+01:00,11.36,11.39,11.36,11.38,26
2026-03-12 20:09:08+01:00,11.38,11.39,11.37,11.38,29
2026-03-12 20:09:08+01:00,11.38,11.4,11.38,11.4,32
2026-03-12 20:09:08+01:00,11.39,11.42,11.38,11.42,354
2026-03-12 20:09:08+01:00,11.42,11.44,11.41,11.43,88
2026-03-12 20:09:08+01:00,11.43,11.43,11.42,11.43,29
2026-03-12 20:09:08+01:00,11.42,11.42,11.4,11.41,54
2026-03-12 20:09:08+01:00,11.41,11.41,11.37,11.38,65
2026-03-12 20:09:08+01:00,11.38,11.38,11.37,11.38,22
2026-03-12 20:09:08+01:00,11.38,11.38,11.35,11.36,46
2026-03-12 20:09:08+01:00,11.36,11.37,11.35,11.35,27
2026-03-12 20:09:08+01:00,11.35,11.35,11.33,11.34,43
2026-03-12 20:09:08+01:00,11.34,11.34,11.32,11.32,45
2026-03-12 20:09:08+01:00,11.32,11.33,11.31,11.32,29
2026-03-12 20:09:08+01:00,11.32,11.33,11.31,11.33,40
2026-03-12 20:09:08+01:00,11.33,11.33,11.32,11.32,49
2026-03-12 20:09:08+01:00,11.32,11.33,11.31,11.32,37
2026-03-12 20:09:08+01:00,11.32,11.33,11.32,11.33,9
2026-03-12 20:09:08+01:00,11.32,11.34,11.32,11.34,62
2026-03-12 20:09:08+01:00,11.34,11.35,11.33,11.34,70
2026-03-12 20:09:08+01:00,11.35,11.37,11.35,11.37,109
2026-03-12 20:09:08+01:00,11.36,11.36,11.35,11.35,50
2026-03-12 20:09:08+01:00,11.36,11.36,11.35,11.36,79
2026-03-12 20:09:08+01:00,11.35,11.35,11.33,11.35,48
2026-03-12 20:09:08+01:00,11.35,11.35,11.32,11.33,48
2026-03-12 20:09:08+01:00,11.33,11.35,11.33,11.35,34
2026-03-12 20:09:08+01:00,11.35,11.38,11.35,11.38,27
2026-03-12 20:09:08+01:00,11.4,11.4,11.36,11.37,65
2026-03-12 20:09:08+01:00,11.38,11.4,11.38,11.39,56
2026-03-12 20:09:08+01:00,11.39,11.39,11.38,11.39,58
2026-03-12 20:09:08+01:00,11.39,11.4,11.38,11.39,47
2026-03-12 20:09:08+01:00,11.39,11.4,11.39,11.39,44
2026-03-12 20:09:08+01:00,11.39,11.39,11.37,11.38,49
2026-03-12 20:09:08+01:00,11.38,11.39,11.37,11.38,65
2026-03-12 20:09:08+01:00,11.38,11.38,11.34,11.35,273
2026-03-12 20:09:08+01:00,11.34,11.34,11.31,11.32,44
2026-03-12 20:09:08+01:00,11.32,11.33,11.31,11.31,82
2026-03-12 20:09:08+01:00,11.3,11.32,11.3,11.3,84
2026-03-12 20:09:08+01:00,11.31,11.33,11.31,11.32,49
2026-03-12 20:09:08+01:00,11.32,11.32,11.3,11.32,97
2026-03-12 20:09:08+01:00,11.32,11.32,11.26,11.27,536
2026-03-12 20:09:08+01:00,11.26,11.27,11.23,11.25,209
2026-03-12 20:09:08+01:00,11.26,11.29,11.26,11.29,79
2026-03-12 20:09:08+01:00,11.28,11.33,11.28,11.32,260
2026-03-12 20:09:08+01:00,11.33,11.34,11.28,11.3,1025
2026-03-12 20:09:08+01:00,11.29,11.3,11.27,11.29,348
2026-03-12 20:09:08+01:00,11.27,11.28,11.18,11.19,305
2026-03-12 20:09:08+01:00,11.22,11.35,11.22,11.35,192
2026-03-12 20:09:08+01:00,11.34,11.4,11.3,11.4,56
2026-03-12 20:09:08+01:00,11.4,11.43,11.35,11.43,27
2026-03-12 20:09:08+01:00,11.41,11.45,11.39,11.45,44
2026-03-12 20:09:08+01:00,11.4,11.41,11.31,11.34,52
2026-03-12 20:09:08+01:00,11.3,11.33,11.28,11.31,47
2026-03-12 20:09:08+01:00,11.32,11.32,11.27,11.31,20
2026-03-12 20:09:08+01:00,11.29,11.3,11.27,11.28,23
2026-03-12 20:09:08+01:00,11.3,11.47,11.3,11.44,43
2026-03-12 20:09:08+01:00,11.38,11.38,11.33,11.36,23
2026-03-12 20:09:08+01:00,11.36,11.56,11.35,11.56,497
2026-03-12 20:09:08+01:00,11.6,11.61,11.48,11.51,106
2026-03-12 20:09:08+01:00,11.47,11.48,11.47,11.48,36
2026-03-12 20:09:08+01:00,11.48,11.51,11.48,11.49,52
2026-03-12 20:09:08+01:00,11.5,11.53,11.48,11.51,39
2026-03-12 20:09:08+01:00,11.52,11.54,11.48,11.48,151
2026-03-12 20:09:08+01:00,11.5,11.53,11.48,11.51,87
2026-03-12 20:09:08+01:00,11.53,11.57,11.5,11.53,118
2026-03-12 20:09:08+01:00,11.53,11.57,11.49,11.49,167
2026-03-12 20:09:08+01:00,11.5,11.51,11.47,11.48,52
2026-03-12 20:09:08+01:00,11.46,11.49,11.41,11.42,86
2026-03-12 20:09:08+01:00,11.42,11.49,11.41,11.43,233
2026-03-12 20:09:08+01:00,11.45,11.45,11.4,11.4,95
2026-03-12 20:09:08+01:00,11.41,11.45,11.41,11.44,15
2026-03-12 20:09:08+01:00,11.45,11.45,11.39,11.43,94
2026-03-12 20:09:08+01:00,11.46,11.46,11.41,11.43,60
2026-03-12 20:09:08+01:00,11.46,11.46,11.42,11.43,17
2026-03-12 20:09:08+01:00,11.44,11.44,11.38,11.4,160
2026-03-12 20:09:08+01:00,11.4,11.55,11.4,11.54,208
2026-03-12 20:09:08+01:00,11.54,11.55,11.52,11.55,43
2026-03-12 20:09:08+01:00,11.55,11.57,11.53,11.57,16
2026-03-12 20:09:08+01:00,11.57,11.62,11.57,11.62,131
2026-03-12 20:09:08+01:00,11.62,11.77,11.6,11.74,282
2026-03-12 20:09:08+01:00,11.74,11.77,11.74,11.77,59
2026-03-12 20:09:08+01:00,11.77,11.79,11.73,11.74,54
2026-03-12 20:09:08+01:00,11.72,11.75,11.7,11.71,79
2026-03-12 20:09:08+01:00,11.71,11.73,11.7,11.73,4
2026-03-12 20:09:08+01:00,11.74,11.75,11.73,11.75,15
2026-03-12 20:09:08+01:00,11.74,11.75,11.73,11.75,22
2026-03-12 20:09:08+01:00,11.75,11.75,11.72,11.72,41
2026-03-12 20:09:08+01:00,11.72,11.72,11.64,11.67,150
2026-03-12 20:09:08+01:00,11.67,11.7,11.62,11.63,34
2026-03-12 20:09:08+01:00,11.64,11.65,11.58,11.58,38
2026-03-12 20:09:08+01:00,11.6,11.63,11.59,11.59,21
2026-03-12 20:09:08+01:00,11.6,11.61,11.59,11.61,13
2026-03-12 20:09:08+01:00,11.6,11.64,11.6,11.63,120
2026-03-12 20:09:08+01:00,11.63,11.63,11.58,11.6,51
2026-03-12 20:09:08+01:00,11.6,11.65,11.6,11.63,65
2026-03-12 20:09:08+01:00,11.63,11.64,11.54,11.58,117
2026-03-12 20:09:08+01:00,11.58,11.6,11.56,11.6,41
2026-03-12 20:09:08+01:00,11.6,11.6,11.57,11.59,25
2026-03-12 20:09:08+01:00,11.59,11.62,11.59,11.62,27
2026-03-12 20:09:08+01:00,11.63,11.66,11.61,11.61,107
2026-03-12 20:09:08+01:00,11.6,11.62,11.58,11.61,57
2026-03-12 20:09:08+01:00,11.61,11.63,11.6,11.62,16
2026-03-12 20:09:08+01:00,11.61,11.65,11.6,11.65,137
2026-03-12 20:09:08+01:00,11.65,11.65,11.55,11.55,44
2026-03-12 20:09:08+01:00,11.55,11.57,11.54,11.55,20
2026-03-12 20:09:08+01:00,11.57,11.58,11.49,11.52,113
2026-03-12 20:09:08+01:00,11.55,11.57,11.54,11.57,27
2026-03-12 20:09:08+01:00,11.57,11.58,11.55,11.56,116
2026-03-12 20:09:08+01:00,11.55,11.58,11.54,11.56,43
2026-03-12 20:09:08+01:00,11.57,11.57,11.52,11.54,55
2026-03-12 20:09:08+01:00,11.54,11.55,11.52,11.53,59
2026-03-12 20:09:08+01:00,11.52,11.53,11.52,11.53,9
2026-03-12 20:09:08+01:00,11.53,11.66,11.52,11.66,530
2026-03-12 20:09:08+01:00,11.63,11.64,11.6,11.62,20
2026-03-12 20:09:08+01:00,11.63,11.68,11.62,11.68,59
2026-03-12 20:09:08+01:00,11.69,11.7,11.66,11.67,70
2026-03-12 20:09:08+01:00,11.66,11.66,11.64,11.66,41
2026-03-12 20:09:08+01:00,11.67,11.69,11.67,11.67,11
2026-03-12 20:09:08+01:00,11.66,11.66,11.64,11.66,28
2026-03-12 20:09:08+01:00,11.66,11.68,11.66,11.66,42
2026-03-12 20:09:08+01:00,11.65,11.68,11.65,11.68,44
2026-03-12 20:09:08+01:00,11.67,11.69,11.66,11.69,376
2026-03-12 20:09:08+01:00,11.7,11.74,11.69,11.71,268
2026-03-12 20:09:08+01:00,11.72,11.74,11.67,11.68,388
2026-03-12 20:09:08+01:00,11.66,11.69,11.65,11.69,72
2026-03-12 20:09:08+01:00,11.69,11.69,11.68,11.69,6
2026-03-12 20:09:08+01:00,11.69,11.72,11.69,11.71,40
2026-03-12 20:09:08+01:00,11.7,11.7,11.65,11.65,53
2026-03-12 20:09:08+01:00,11.67,11.69,11.67,11.69,72
2026-03-12 20:09:08+01:00,11.68,11.69,11.66,11.67,22
2026-03-12 20:09:08+01:00,11.67,11.69,11.67,11.69,60
2026-03-12 20:09:08+01:00,11.69,11.69,11.68,11.68,35
2026-03-12 20:09:08+01:00,11.68,11.68,11.65,11.67,47
2026-03-12 20:09:08+01:00,11.67,11.67,11.66,11.66,54
2026-03-12 20:09:08+01:00,11.65,11.66,11.62,11.64,47
2026-03-12 20:09:08+01:00,11.63,11.63,11.59,11.6,47
2026-03-12 20:09:08+01:00,11.6,11.6,11.58,11.59,69
2026-03-12 20:09:08+01:00,11.59,11.61,11.59,11.61,153
2026-03-12 20:09:08+01:00,11.61,11.61,11.59,11.59,19
2026-03-12 20:09:08+01:00,11.59,11.62,11.56,11.62,439
2026-03-12 20:09:08+01:00,11.62,11.64,11.61,11.63,24
2026-03-12 20:09:08+01:00,11.64,11.64,11.6,11.62,57
2026-03-12 20:09:08+01:00,11.62,11.62,11.57,11.59,15
2026-03-12 20:09:08+01:00,11.59,11.59,11.57,11.59,8
2026-03-12 20:09:08+01:00,11.6,11.64,11.6,11.61,47
2026-03-12 20:09:08+01:00,11.6,11.61,11.57,11.61,44
2026-03-12 20:09:08+01:00,11.59,11.63,11.59,11.62,6
2026-03-12 20:09:08+01:00,11.62,11.63,11.62,11.63,7
2026-03-12 20:09:08+01:00,11.63,11.65,11.63,11.65,13
2026-03-12 20:09:08+01:00,11.65,11.66,11.64,11.65,217
2026-03-12 20:09:08+01:00,11.64,11.66,11.64,11.65,27
2026-03-12 20:09:08+01:00,11.66,11.66,11.66,11.66,8
2026-03-12 20:09:08+01:00,11.67,11.71,11.67,11.7,46
2026-03-12 20:09:08+01:00,11.7,11.75,11.68,11.75,186
2026-03-12 20:09:08+01:00,11.75,11.81,11.75,11.81,331
2026-03-12 20:09:08+01:00,11.81,11.82,11.79,11.81,102
2026-03-12 20:09:08+01:00,11.82,11.86,11.81,11.83,75
2026-03-12 20:09:08+01:00,11.83,11.87,11.81,11.87,160
2026-03-12 20:09:08+01:00,11.87,11.88,11.86,11.87,33
2026-03-12 20:09:08+01:00,11.87,11.95,11.87,11.95,81
2026-03-12 20:09:08+01:00,11.95,11.95,11.93,11.95,32
2026-03-12 20:09:08+01:00,11.95,11.95,11.92,11.95,210
2026-03-12 20:09:08+01:00,11.94,11.95,11.9,11.91,64
2026-03-12 20:09:08+01:00,11.91,11.98,11.9,11.98,108
2026-03-12 20:09:08+01:00,11.97,12.02,11.97,12.02,117
2026-03-12 20:09:08+01:00,12.02,12.06,12.01,12.06,48
2026-03-12 20:09:08+01:00,12.06,12.14,12.05,12.14,70
2026-03-12 20:09:08+01:00,12.15,12.17,12.08,12.1,189
2026-03-12 20:09:08+01:00,12.06,12.06,12.04,12.04,9
2026-03-12 20:09:08+01:00,12.04,12.06,12.04,12.06,27
2026-03-12 20:09:08+01:00,12.04,12.04,12,12,62
2026-03-12 20:09:08+01:00,11.99,12,11.95,11.96,16
2026-03-12 20:09:08+01:00,11.98,12,11.98,11.98,14
2026-03-12 20:09:08+01:00,12.09,12.1,12.05,12.06,119
2026-03-12 20:09:08+01:00,11.99,12,11.98,11.98,16
2026-03-12 20:09:08+01:00,11.98,11.99,11.98,11.99,5
2026-03-12 20:09:08+01:00,11.99,12.01,11.98,11.98,21
2026-03-12 20:09:08+01:00,11.99,11.99,11.98,11.99,8
2026-03-12 20:09:08+01:00,11.99,12,11.97,12,93
2026-03-12 20:09:08+01:00,11.99,12.05,11.99,12.03,205
2026-03-12 20:09:08+01:00,12.03,12.05,12.03,12.05,59
2026-03-12 20:09:08+01:00,12.06,12.07,12.04,12.06,63
2026-03-12 20:09:08+01:00,12.06,12.1,12.06,12.06,168
2026-03-12 20:09:08+01:00,12.06,12.06,11.99,12,55
2026-03-12 20:09:08+01:00,12.01,12.03,12.01,12.03,16
2026-03-12 20:09:08+01:00,12.03,12.03,12.01,12.02,26
2026-03-12 20:09:08+01:00,12.01,12.04,12.01,12.04,24
2026-03-12 20:09:08+01:00,12.03,12.04,12.01,12.02,106
2026-03-12 20:09:08+01:00,12.02,12.03,12.01,12.02,245
2026-03-12 20:09:08+01:00,12.02,12.03,12.01,12.03,85
2026-03-12 20:09:08+01:00,12.03,12.06,12.02,12.03,743
2026-03-12 20:09:08+01:00,12.03,12.04,12.03,12.04,11
2026-03-12 20:09:08+01:00,12.04,12.07,12.04,12.07,48
2026-03-12 20:09:08+01:00,12.06,12.06,12.03,12.04,94
2026-03-12 20:09:08+01:00,12.04,12.04,12.04,12.04,2
2026-03-12 20:09:08+01:00,12.04,12.07,12.04,12.06,178
2026-03-12 20:09:08+01:00,12.06,12.07,12.04,12.04,26
2026-03-12 20:09:08+01:00,12.04,12.04,12.01,12.01,33
2026-03-12 20:09:08+01:00,12.01,12.01,12,12.01,18
2026-03-12 20:09:08+01:00,12.01,12.04,12,12.04,258
2026-03-12 20:09:08+01:00,12.05,12.05,12.04,12.04,8
2026-03-12 20:09:08+01:00,12.05,12.07,12.04,12.07,30
2026-03-12 20:09:08+01:00,12.07,12.07,12.03,12.03,109
2026-03-12 20:09:08+01:00,12.03,12.05,12.03,12.05,3
2026-03-12 20:09:08+01:00,12.04,12.05,12.03,12.03,26
2026-03-12 20:09:08+01:00,12.04,12.05,12.04,12.05,28
2026-03-12 20:09:08+01:00,12.04,12.05,12.03,12.04,18
2026-03-12 20:09:08+01:00,12.03,12.03,12,12.01,61
2026-03-12 20:09:08+01:00,12.02,12.03,12.02,12.03,12
2026-03-12 20:09:08+01:00,12.04,12.06,12.04,12.04,52
2026-03-12 20:09:08+01:00,12.05,12.05,12.04,12.05,102
2026-03-12 20:09:08+01:00,12.05,12.06,12.04,12.05,36
2026-03-12 20:09:08+01:00,12.05,12.07,12.04,12.07,74
2026-03-12 20:09:08+01:00,12.07,12.12,12.07,12.11,88
2026-03-12 20:09:08+01:00,12.12,12.13,12.11,12.13,40
2026-03-12 20:09:08+01:00,12.12,12.13,12.11,12.12,4
2026-03-12 20:09:08+01:00,12.11,12.11,12.08,12.08,78
2026-03-12 20:09:08+01:00,12.08,12.09,12.06,12.06,40
2026-03-12 20:09:08+01:00,12.05,12.06,12.04,12.05,34
2026-03-12 20:09:08+01:00,12.05,12.08,12.05,12.08,16
2026-03-12 20:09:08+01:00,12.09,12.09,12.07,12.08,115
2026-03-12 20:09:08+01:00,12.08,12.1,12.07,12.08,29
2026-03-12 20:09:08+01:00,12.09,12.1,12.08,12.1,29
2026-03-12 20:09:08+01:00,12.09,12.1,12.08,12.08,32
2026-03-12 20:09:08+01:00,12.08,12.09,12.07,12.07,7
2026-03-12 20:09:08+01:00,12.09,12.1,12.06,12.08,49
2026-03-12 20:09:08+01:00,12.08,12.09,12.07,12.08,30
2026-03-12 20:09:08+01:00,12.08,12.1,12.08,12.09,12
2026-03-12 20:09:08+01:00,12.1,12.1,12.09,12.1,25
2026-03-12 20:09:08+01:00,12.1,12.1,12.09,12.1,17
2026-03-12 20:09:08+01:00,12.1,12.14,12.1,12.11,153
2026-03-12 20:09:08+01:00,12.11,12.11,12.08,12.09,36
2026-03-12 20:09:08+01:00,12.09,12.1,12.09,12.1,29
2026-03-12 20:09:08+01:00,12.11,12.12,12.09,12.09,35
2026-03-12 20:09:08+01:00,12.1,12.13,12.1,12.13,21
2026-03-12 20:09:08+01:00,12.14,12.14,12.13,12.14,40
2026-03-12 20:09:08+01:00,12.14,12.19,12.13,12.19,121
2026-03-12 20:09:08+01:00,12.19,12.19,12.17,12.17,21
2026-03-12 20:09:08+01:00,12.18,12.19,12.17,12.18,32
2026-03-12 20:09:08+01:00,12.17,12.18,12.17,12.18,16
2026-03-12 20:09:08+01:00,12.18,12.19,12.16,12.17,53
2026-03-12 20:09:08+01:00,12.18,12.2,12.18,12.19,32
2026-03-12 20:09:08+01:00,12.2,12.2,12.16,12.17,64
2026-03-12 20:09:08+01:00,12.17,12.18,12.15,12.17,15
2026-03-12 20:09:08+01:00,12.15,12.16,12.15,12.15,20
2026-03-12 20:09:08+01:00,12.15,12.17,12.15,12.17,18
2026-03-12 20:09:08+01:00,12.17,12.18,12.14,12.15,98
2026-03-12 20:09:08+01:00,12.15,12.15,12.13,12.15,20
2026-03-12 20:09:08+01:00,12.15,12.17,12.15,12.17,6
2026-03-12 20:09:08+01:00,12.17,12.19,12.15,12.16,67
2026-03-12 20:09:08+01:00,12.16,12.16,12.13,12.13,27
2026-03-12 20:09:08+01:00,12.12,12.13,12.12,12.13,4
2026-03-12 20:09:08+01:00,12.15,12.24,12.15,12.22,324
2026-03-12 20:09:08+01:00,12.23,12.23,12.2,12.21,53
2026-03-12 20:09:08+01:00,12.2,12.2,12.17,12.18,34
2026-03-12 20:09:08+01:00,12.17,12.18,12.16,12.18,34
2026-03-12 20:09:08+01:00,12.17,12.17,12.1,12.12,152
2026-03-12 20:09:08+01:00,12.13,12.13,12.11,12.13,11
2026-03-12 20:09:08+01:00,12.12,12.13,12.1,12.1,33
2026-03-12 20:09:08+01:00,12.11,12.12,12.07,12.09,277
2026-03-12 20:09:08+01:00,12.1,12.11,12.1,12.11,30
2026-03-12 20:09:08+01:00,12.11,12.12,12.1,12.11,10
2026-03-12 20:09:08+01:00,12.11,12.11,12.09,12.1,37
2026-03-12 20:09:08+01:00,12.09,12.1,12.06,12.06,54
2026-03-12 20:09:08+01:00,12.06,12.08,12.06,12.07,17
2026-03-12 20:09:08+01:00,12.07,12.07,12.04,12.06,51
2026-03-12 20:09:08+01:00,12.05,12.06,12.05,12.06,3
2026-03-12 20:09:08+01:00,12.06,12.06,12.05,12.05,16
2026-03-12 20:09:08+01:00,12.06,12.06,12.03,12.04,49
2026-03-12 20:09:08+01:00,12.05,12.05,12.05,12.05,12
2026-03-12 20:09:08+01:00,12.05,12.06,12.05,12.06,18
2026-03-12 20:09:08+01:00,12.06,12.06,12.04,12.05,188
2026-03-12 20:09:08+01:00,12.04,12.06,12.04,12.05,50
2026-03-12 20:09:08+01:00,12.06,12.06,12.05,12.05,5
2026-03-12 20:09:08+01:00,12.05,12.06,12.04,12.06,18
2026-03-12 20:09:08+01:00,12.05,12.05,12.04,12.04,16
2026-03-12 20:09:08+01:00,12.04,12.04,12.03,12.04,29
2026-03-12 20:09:08+01:00,12.04,12.05,12.03,12.03,37
2026-03-12 20:09:08+01:00,12.03,12.04,12.02,12.02,24
2026-03-12 20:09:08+01:00,12.03,12.05,12.02,12.04,39
2026-03-12 20:09:08+01:00,12.04,12.05,12.03,12.04,44
2026-03-12 20:09:08+01:00,12.04,12.04,12.01,12.02,64
2026-03-12 20:09:08+01:00,12.01,12.02,12.01,12.02,88
2026-03-12 20:09:08+01:00,12.02,12.02,11.99,11.99,67
2026-03-12 20:09:08+01:00,11.98,11.99,11.98,11.98,22
2026-03-12 20:09:08+01:00,11.98,11.98,11.97,11.98,37
2026-03-12 20:09:08+01:00,11.97,11.98,11.97,11.98,30
2026-03-12 20:09:08+01:00,11.99,12,11.98,11.99,39
2026-03-12 20:09:08+01:00,11.99,12,11.96,11.96,39
2026-03-12 20:09:08+01:00,11.96,11.97,11.96,11.96,4
2026-03-12 20:09:08+01:00,11.96,11.97,11.96,11.96,8
2026-03-12 20:09:08+01:00,11.96,11.97,11.96,11.97,48
2026-03-12 20:09:08+01:00,11.98,11.98,11.95,11.95,45
2026-03-12 20:09:08+01:00,11.95,11.96,11.95,11.96,4
2026-03-12 20:09:08+01:00,11.95,11.95,11.95,11.95,3
2026-03-12 20:09:08+01:00,11.95,11.96,11.93,11.94,30
2026-03-12 20:09:08+01:00,11.94,11.94,11.93,11.93,24
2026-03-12 20:09:08+01:00,11.93,11.93,11.92,11.93,16
2026-03-12 20:09:08+01:00,11.91,11.91,11.89,11.9,16
2026-03-12 20:09:08+01:00,11.9,11.9,11.87,11.87,134
2026-03-12 20:09:08+01:00,11.88,11.96,11.88,11.96,85
2026-03-12 20:09:08+01:00,11.93,11.94,11.91,11.92,112
2026-03-12 20:09:08+01:00,11.96,11.96,11.95,11.96,12
2026-03-12 20:09:08+01:00,11.96,11.99,11.96,11.97,43
2026-03-12 20:09:08+01:00,11.99,12.03,11.99,12.02,340
2026-03-12 20:09:08+01:00,12.03,12.03,11.98,11.99,49
2026-03-12 20:09:08+01:00,11.98,11.99,11.97,11.98,20
2026-03-12 20:09:08+01:00,11.98,11.99,11.97,11.98,11
2026-03-12 20:09:08+01:00,11.98,11.98,11.96,11.96,71
2026-03-12 20:09:08+01:00,11.96,11.96,11.95,11.95,3
2026-03-12 20:09:08+01:00,11.96,11.97,11.95,11.96,9
2026-03-12 20:09:08+01:00,11.96,11.98,11.96,11.97,37
2026-03-12 20:09:08+01:00,11.96,11.96,11.96,11.96,5
2026-03-12 20:09:08+01:00,11.96,11.97,11.95,11.97,13
2026-03-12 20:09:08+01:00,11.96,11.96,11.95,11.96,12
2026-03-12 20:09:08+01:00,11.96,11.96,11.93,11.94,37
2026-03-12 20:09:08+01:00,11.95,11.97,11.95,11.96,58
2026-03-12 20:09:08+01:00,11.96,11.96,11.95,11.96,11
2026-03-12 20:09:08+01:00,11.96,12.01,11.96,12,256
2026-03-12 20:09:08+01:00,12,12,11.99,12,26
2026-03-12 20:09:08+01:00,12.01,12.01,11.99,12,14
2026-03-12 20:09:08+01:00,12,12.04,11.99,12,406
2026-03-12 20:09:08+01:00,12,12.04,12,12.04,251
2026-03-12 20:09:08+01:00,12.04,12.05,12.02,12.02,61
2026-03-12 20:09:08+01:00,12.01,12.01,12,12.01,20
2026-03-12 20:09:08+01:00,12.02,12.02,11.98,11.99,56
2026-03-12 20:09:08+01:00,11.99,12.01,11.99,12.01,23
2026-03-12 20:09:08+01:00,12.01,12.01,12,12,22
2026-03-12 20:09:08+01:00,12.01,12.02,12,12.01,78
2026-03-12 20:09:08+01:00,12.01,12.03,12.01,12.02,18
2026-03-12 20:09:08+01:00,12.02,12.02,12,12.01,69
2026-03-12 20:09:08+01:00,12.02,12.05,12.01,12.05,135
2026-03-12 20:09:08+01:00,12,12,11.99,12,19
2026-03-12 20:09:08+01:00,12.04,12.11,12.03,12.11,68
2026-03-12 20:09:08+01:00,12.1,12.12,12.1,12.12,34
2026-03-12 20:09:08+01:00,12.12,12.16,12.12,12.16,62
2026-03-12 20:09:08+01:00,12.16,12.17,12.13,12.14,41
2026-03-12 20:09:08+01:00,12.13,12.15,12.12,12.14,94
2026-03-12 20:09:08+01:00,12.13,12.15,12.12,12.15,104
2026-03-12 20:09:08+01:00,12.16,12.17,12.16,12.17,3
2026-03-12 20:09:08+01:00,12.17,12.18,12.17,12.18,8
2026-03-12 20:09:08+01:00,12.18,12.19,12.18,12.19,12
2026-03-12 20:09:08+01:00,12.19,12.2,12.17,12.2,32
2026-03-12 20:09:08+01:00,12.2,12.21,12.19,12.2,62
2026-03-12 20:09:08+01:00,12.19,12.2,12.17,12.17,140
2026-03-12 20:09:08+01:00,12.17,12.18,12.16,12.18,81
2026-03-12 20:09:08+01:00,12.18,12.2,12.16,12.17,57
2026-03-12 20:09:08+01:00,12.17,12.18,12.16,12.18,34
2026-03-12 20:09:08+01:00,12.18,12.21,12.16,12.2,269
2026-03-12 20:09:08+01:00,12.2,12.2,12.19,12.2,5
2026-03-12 20:09:08+01:00,12.2,12.21,12.19,12.2,117
2026-03-12 20:09:08+01:00,12.2,12.21,12.19,12.21,130
2026-03-12 20:09:08+01:00,12.21,12.22,12.21,12.22,10
2026-03-12 20:09:08+01:00,12.21,12.23,12.21,12.23,14
2026-03-12 20:09:08+01:00,12.22,12.23,12.19,12.2,70
2026-03-12 20:09:08+01:00,12.2,12.2,12.18,12.19,29
2026-03-12 20:09:08+01:00,12.19,12.19,12.18,12.18,3
2026-03-12 20:09:08+01:00,12.19,12.21,12.18,12.21,25
2026-03-12 20:09:08+01:00,12.22,12.28,12.22,12.28,171
2026-03-12 20:09:08+01:00,12.27,12.28,12.26,12.27,35
2026-03-12 20:09:08+01:00,12.27,12.27,12.22,12.23,176
2026-03-12 20:09:08+01:00,12.23,12.23,12.22,12.22,15
2026-03-12 20:09:08+01:00,12.25,12.25,12.21,12.22,38
2026-03-12 20:09:08+01:00,12.22,12.22,12.22,12.22,0
2026-03-12 20:09:08+01:00,12.23,12.23,12.21,12.21,70
2026-03-12 20:09:08+01:00,12.22,12.22,12.21,12.22,59
2026-03-12 20:09:08+01:00,12.23,12.25,12.23,12.25,23
2026-03-12 20:09:08+01:00,12.23,12.28,12.23,12.28,154
2026-03-12 20:09:08+01:00,12.28,12.28,12.26,12.27,26
2026-03-12 20:09:08+01:00,12.27,12.28,12.26,12.27,82
2026-03-12 20:09:08+01:00,12.26,12.26,12.25,12.26,15
2026-03-12 20:09:08+01:00,12.26,12.26,12.23,12.24,88
2026-03-12 20:09:08+01:00,12.24,12.24,12.19,12.22,106
2026-03-12 20:09:08+01:00,12.22,12.22,12.2,12.21,49
2026-03-12 20:09:08+01:00,12.22,12.22,12.2,12.21,37
2026-03-12 20:09:08+01:00,12.21,12.23,12.21,12.22,13
2026-03-12 20:09:08+01:00,12.22,12.25,12.22,12.25,21
2026-03-12 20:09:08+01:00,12.25,12.25,12.19,12.19,129
2026-03-12 20:09:08+01:00,12.19,12.19,12.13,12.14,91
2026-03-12 20:09:08+01:00,12.14,12.16,12.14,12.16,23
2026-03-12 20:09:08+01:00,12.15,12.16,12.14,12.16,20
2026-03-12 20:09:08+01:00,12.15,12.16,12.13,12.13,147
2026-03-12 20:09:08+01:00,12.13,12.13,12.07,12.09,64
2026-03-12 20:09:08+01:00,12.09,12.1,12.08,12.1,65
2026-03-12 20:09:08+01:00,12.1,12.1,12.09,12.1,5
2026-03-12 20:09:08+01:00,12.1,12.15,12.08,12.13,590
2026-03-12 20:09:08+01:00,12.14,12.14,12.13,12.13,95
2026-03-12 20:09:08+01:00,12.13,12.14,12.12,12.13,67
2026-03-12 20:09:08+01:00,12.13,12.15,12.13,12.15,30
2026-03-12 20:09:08+01:00,12.15,12.17,12.14,12.17,93
2026-03-12 20:09:08+01:00,12.17,12.18,12.15,12.18,100
2026-03-12 20:09:08+01:00,12.18,12.22,12.16,12.21,114
2026-03-12 20:09:08+01:00,12.21,12.22,12.19,12.21,111
2026-03-12 20:09:08+01:00,12.21,12.25,12.21,12.25,102
2026-03-12 20:09:08+01:00,12.25,12.25,12.22,12.23,48
2026-03-12 20:09:08+01:00,12.22,12.29,12.22,12.29,119
2026-03-12 20:09:08+01:00,12.29,12.34,12.28,12.33,251
2026-03-12 20:09:08+01:00,12.34,12.37,12.33,12.36,99
2026-03-12 20:09:08+01:00,12.37,12.38,12.34,12.34,125
2026-03-12 20:09:08+01:00,12.34,12.38,12.34,12.37,17
2026-03-12 20:09:08+01:00,12.38,12.38,12.36,12.37,36
2026-03-12 20:09:08+01:00,12.38,12.39,12.37,12.39,28
2026-03-12 20:09:08+01:00,12.39,12.42,12.38,12.42,67
2026-03-12 20:09:08+01:00,12.42,12.46,12.42,12.44,99
2026-03-12 20:09:08+01:00,12.45,12.46,12.43,12.44,58
2026-03-12 20:09:08+01:00,12.44,12.46,12.43,12.45,40
2026-03-12 20:09:08+01:00,12.46,12.46,12.41,12.42,116
2026-03-12 20:09:08+01:00,12.42,12.44,12.4,12.43,47
2026-03-12 20:09:08+01:00,12.44,12.46,12.42,12.46,39
2026-03-12 20:09:08+01:00,12.46,12.47,12.43,12.45,69
2026-03-12 20:09:08+01:00,12.45,12.46,12.43,12.43,99
2026-03-12 20:09:08+01:00,12.43,12.45,12.43,12.43,72
2026-03-12 20:09:08+01:00,12.42,12.42,12.39,12.42,105
2026-03-12 20:09:08+01:00,12.41,12.44,12.4,12.44,113
2026-03-12 20:09:08+01:00,12.44,12.45,12.43,12.44,75
2026-03-12 20:09:08+01:00,12.43,12.45,12.42,12.44,120
2026-03-12 20:09:08+01:00,12.44,12.44,12.41,12.42,216
